{"R2":{"data":[0.9999460805511581,-0.003881555357563934,0.009631693432780976,0.003967289247411149,0.9999525407016744,-0.008898143643112337,-0.009596697682238626,0.008935875573901594,0.999914023064645],"rows":"3","cols":"3"},"P1":{"data":[943.8636054756054,0.0,626.0088119506836,0.0,0.0,943.8636054756054,363.04473876953125,0.0,0.0,0.0,1.0,0.0],"rows":"3","cols":"4"},"Q":{"data":[1.0,0.0,0.0,-626.0088119506836,0.0,1.0,0.0,-363.04473876953125,0.0,0.0,0.0,943.8636054756054,0.0,0.0,15.8843142061108,-0.0],"rows":"4","cols":"4"},"P2":{"data":[943.8636054756054,0.0,626.0088119506836,-59.42111149579847,0.0,943.8636054756054,363.04473876953125,0.0,0.0,0.0,1.0,0.0],"rows":"3","cols":"4"},"R":{"data":[0.9998623314914684,0.014517069794116946,0.008035717082970897,-0.014657754308525669,0.9997352836506704,0.017734510496330236,-0.007776136770640684,-0.017849854579415694,0.9998104392275657],"rows":"3","cols":"3"},"M1":{"data":[970.2090728148814,0.0,643.7184027543143,0.0,970.8802730394509,361.4242427023014,0.0,0.0,1.0],"rows":"3","cols":"3"},"T":{"data":[-0.0629517943032424,2.4436405042092704E-4,-6.063650786431532E-4],"rows":"3","cols":"1"},"M2":{"data":[970.2090728148814,0.0,643.0842641299704,0.0,970.8802730394509,361.99721190471075,0.0,0.0,1.0],"rows":"3","cols":"3"},"D1":{"data":[-0.4082630430883341,0.28087789735659036,0.0,0.0,-0.13457958977291729],"rows":"1","cols":"5"},"D2":{"data":[-0.3959789518432818,0.24200723393545248,0.0,0.0,-0.0971292624749584],"rows":"1","cols":"5"},"R1":{"data":[0.9997904169849366,0.010463834868181912,0.01759631395883546,-0.010621122403195505,0.9999042609005515,0.008869091938748951,-0.017501824590105592,-0.009054125732121426,0.9998058356217192],"rows":"3","cols":"3"}}